028 026 026 026 026 026 026 026 026 026 026 026 026 026 026 026
024 002 002 002 002 002 002 002 002 002 002 002 002 002 002 002
024 002 002 002 002 002 002 002 002 002 002 002 002 002 002 002
024 002 002 002 002 002 002 002 002 002 002 002 002 002 002 002
024 002 002 002 002 002 002 002 002 002 002 002 002 002 002 002
024 002 001 002 002 002 002 002 002 002 002 002 002 002 002 020
024 016 001 016 016 002 002 002 002 002 002 002 002 002 002 023
024 016 002 016 002 002 002 002 002 002 002 002 002 002 002 023
024 002 001 002 002 002 016 002 002 002 002 002 002 002 002 023
024 016 016 002 016 002 002 002 002 002 002 002 002 002 002 023
024 016 016 002 002 002 002 002 002 002 002 002 002 002 002 023
030 021 021 021 021 021 021 021 021 021 021 021 021 021 021 031