16 16 16 16 16 16 16 16 16 16 16 16 16 16 16 16 16 16 16 16 16 16 16 16 16 16 16 16 16 16 16 16 16 16 16 16 16 16 16 16 16 16 16 16 16 16 16 16 16 16 
16 16 16 16 16 16 16 16 16 16 16 16 16 16 16 16 16 16 16 16 16 16 16 16 16 16 16 16 16 16 16 16 16 16 16 16 16 16 16 16 16 16 16 16 16 16 16 16 16 16 
16 16 16 16 16 16 16 16 16 16 16 16 16 16 16 16 16 16 16 16 16 16 16 16 16 16 16 16 16 16 16 16 16 16 16 16 16 16 16 16 16 16 16 16 16 16 16 16 16 16 
16 16 16 16 16 16 16 16 16 16 16 16 16 16 16 16 16 16 16 16 16 16 16 16 16 16 16 16 16 16 16 16 16 16 16 16 16 16 16 16 16 16 16 16 16 16 16 16 16 16 
16 16 16 16 16 16 16 16 16 16 16 16 16 16 16 16 16 16 16 16 16 16 16 16 16 16 16 16 16 16 16 16 16 16 16 16 16 16 16 16 16 16 16 16 16 16 16 16 16 16 
16 16 16 16 16 16 16 16 16 16 16 16 16 16 16 16 16 16 16 16 16 16 16 16 16 16 16 16 16 16 16 16 16 16 16 16 16 16 16 16 16 16 16 16 16 16 16 16 16 16 
16 16 16 16 16 16 16 16 16 16 16 16 16 16 16 16 16 16 16 16 16 16 16 16 16 16 16 16 16 16 16 16 16 16 16 16 16 16 16 16 16 16 16 16 16 16 16 16 16 16 
16 16 16 16 16 16 16 16 16 16 16 16 1 1 1 1 1 1 1 2 1 1 1 1 1 1 1 1 16 16 16 16 16 16 16 32 32 16 16 16 16 16 16 16 16 16 16 16 16 16 
16 16 16 16 16 16 16 16 16 16 16 16 1 2 1 2 1 1 17 17 1 1 1 1 1 1 16 16 16 16 16 16 16 32 32 32 32 32 16 32 16 16 16 16 16 16 16 16 16 16 
16 16 16 16 16 16 16 16 16 16 16 16 1 1 1 1 17 17 17 17 1 1 1 1 1 1 16 16 16 16 16 16 16 1 1 32 32 32 32 16 16 16 16 16 16 16 16 16 16 16 
16 16 16 16 16 16 16 16 1 1 1 1 17 17 17 17 1 17 17 17 17 17 17 1 1 1 1 16 16 16 16 16 1 1 32 32 17 36 32 16 32 16 16 16 16 16 16 16 16 16 
16 16 16 16 16 16 16 16 1 1 1 17 17 1 1 17 1 1 1 1 1 17 17 17 17 1 1 16 16 16 16 16 1 1 32 32 17 17 32 16 16 16 16 16 16 16 16 16 16 16 
16 16 16 16 16 16 16 16 1 1 17 17 1 1 17 17 3 3 3 17 1 17 17 1 17 1 1 16 16 16 16 2 1 1 32 32 17 17 32 16 16 16 16 16 16 16 16 16 16 16 
16 16 16 16 16 16 16 16 2 17 17 1 17 1 17 3 32 32 3 3 2 17 1 1 1 17 1 16 16 16 16 1 1 1 3 32 3 17 3 32 32 16 16 16 16 16 16 16 16 16 
16 16 16 16 16 16 16 16 1 17 1 17 17 3 3 32 32 32 32 3 3 1 17 17 1 1 16 16 16 16 16 1 1 2 17 3 3 3 32 1 1 16 16 16 16 16 16 16 16 16 
16 16 16 16 16 16 16 16 1 17 17 17 3 3 32 32 32 32 32 32 3 3 1 17 1 16 16 16 16 16 16 1 1 2 3 3 17 3 3 17 1 16 16 16 16 16 16 16 16 16 
16 16 16 16 16 16 16 16 1 17 17 1 3 32 32 17 17 17 17 32 32 3 1 17 1 16 16 16 16 16 16 1 1 1 1 1 1 1 1 3 1 16 16 16 16 16 16 16 16 16 
16 16 16 16 16 16 16 16 1 17 1 3 3 32 32 17 32 32 17 32 32 3 3 1 1 2 16 16 16 16 16 1 1 1 1 17 1 1 1 1 1 16 16 16 16 16 16 16 16 16 
16 16 16 16 16 16 16 16 1 17 17 3 32 32 32 17 17 17 17 32 32 32 3 2 17 1 16 16 16 16 16 16 1 1 17 1 2 1 1 2 1 16 16 16 16 16 16 16 16 16 
16 16 16 16 16 16 16 16 16 1 17 3 32 32 32 32 32 32 32 32 32 32 3 1 17 2 16 16 16 16 16 16 1 2 17 2 1 1 1 1 1 1 16 16 16 16 16 16 16 16 
16 16 16 16 16 16 16 16 16 1 1 3 3 3 32 32 32 32 32 32 3 3 3 17 17 1 16 16 16 16 16 16 1 1 17 17 1 1 17 1 1 1 16 16 16 16 16 16 16 16 
16 16 16 16 16 16 16 16 16 1 17 1 1 3 3 3 3 3 3 3 3 1 1 17 17 1 16 16 16 16 16 16 2 1 1 17 2 1 1 1 2 1 16 16 16 16 16 16 16 16 
16 16 16 16 16 16 16 16 16 1 17 17 17 17 1 1 1 1 1 1 17 17 2 1 1 16 16 16 16 16 16 2 1 1 1 1 1 1 1 1 1 1 16 16 16 16 16 16 16 16 
16 16 16 16 16 16 16 16 16 1 1 17 17 17 17 17 17 17 17 17 17 2 16 16 16 16 16 16 16 16 16 2 1 2 2 2 2 1 1 1 1 2 16 16 16 16 16 16 16 16 
16 16 16 16 16 16 16 16 16 1 1 1 2 2 17 1 1 1 17 17 1 1 2 2 1 1 1 16 16 16 16 16 16 1 1 1 17 1 1 2 1 1 16 16 16 16 16 16 16 16 
16 16 16 16 16 16 16 16 16 1 1 1 1 1 1 17 17 2 17 17 17 17 1 1 2 1 1 1 1 16 16 16 16 1 17 1 17 1 2 1 1 1 16 16 16 16 16 16 16 16 
16 16 16 16 16 16 16 16 16 16 16 16 1 1 1 2 1 1 2 1 1 1 1 1 1 1 17 1 1 1 2 1 1 17 1 1 17 1 1 17 1 1 16 16 16 16 16 16 16 16 
16 16 16 16 16 16 16 16 16 16 16 16 1 1 1 1 1 1 1 1 2 1 1 1 2 1 17 17 1 2 2 1 17 1 1 2 1 1 1 17 1 1 16 16 16 16 16 16 16 16 
16 16 16 16 16 16 16 16 16 16 16 16 1 1 1 1 1 1 1 1 1 1 16 1 1 1 1 17 1 1 1 1 1 1 17 2 1 17 1 1 1 1 16 16 16 16 16 16 16 16 
16 16 16 16 16 16 16 16 16 16 16 16 16 16 16 16 16 16 1 16 16 16 16 1 16 16 1 17 17 1 1 2 17 17 1 1 1 17 17 1 17 1 16 16 16 16 16 16 16 16 
16 16 16 16 16 16 16 16 16 16 16 16 16 16 16 16 16 16 16 16 16 16 16 16 16 16 16 1 1 2 17 1 1 2 17 17 17 17 2 1 17 1 16 16 16 16 16 16 16 16 
16 16 16 16 16 16 16 16 16 16 16 16 16 16 16 16 16 16 16 16 16 16 16 16 16 16 16 16 2 1 17 17 1 1 1 1 1 1 1 1 17 1 16 16 16 16 16 16 16 16 
16 16 16 16 16 16 16 16 1 1 1 1 1 1 1 1 1 1 1 1 16 16 16 16 1 1 1 1 1 1 17 1 2 17 17 1 1 1 1 1 17 1 16 16 16 16 16 16 16 16 
16 16 16 16 16 16 16 16 32 32 32 32 32 32 32 32 32 32 32 32 1 1 1 1 1 1 1 1 1 1 17 1 17 17 17 1 1 1 1 1 17 1 16 16 16 16 16 16 16 16 
16 16 16 16 16 16 16 16 32 34 34 34 34 34 34 34 34 34 34 32 1 1 1 1 1 1 1 1 1 1 2 1 1 17 1 20 21 21 21 22 1 1 2 16 16 16 16 16 16 16 
16 16 16 16 16 16 16 32 32 34 35 34 34 34 34 34 34 34 34 32 1 17 17 17 1 1 1 17 17 1 1 1 17 1 1 23 19 18 18 30 22 2 1 16 16 16 16 16 16 16 
16 16 16 16 16 16 16 32 34 34 34 34 34 34 34 34 34 34 34 32 1 1 1 1 1 1 17 17 17 1 1 17 17 20 21 31 18 18 18 18 30 22 1 16 16 16 16 16 16 16 
16 16 16 16 16 16 16 32 34 34 34 34 34 34 34 34 34 34 34 32 1 1 1 1 17 1 17 1 17 1 2 17 1 23 18 18 18 19 19 19 18 24 1 16 16 16 16 16 16 16 
16 16 16 16 16 16 16 32 34 34 34 34 34 34 34 34 34 34 34 34 1 1 1 1 17 1 1 17 17 1 1 1 1 23 18 18 18 18 18 18 28 27 1 16 16 16 16 16 16 16 
16 16 16 16 16 16 16 32 34 34 34 34 34 34 34 34 34 34 34 34 1 1 1 1 17 1 1 1 1 1 1 1 1 25 29 19 18 18 18 18 24 1 2 16 16 16 16 16 16 16 
16 16 16 16 16 16 16 32 34 34 34 34 34 34 34 34 34 34 34 34 1 2 1 1 1 1 17 1 1 17 1 1 1 1 25 29 18 18 19 26 27 1 1 16 16 16 16 16 16 16 
16 16 16 16 16 16 16 32 34 34 34 34 34 34 34 34 34 34 34 32 1 1 1 17 1 2 1 1 1 1 1 1 1 2 1 25 26 26 27 1 1 2 2 16 16 16 16 16 16 16 
16 16 16 16 16 16 16 32 34 34 34 34 34 34 34 34 34 34 34 32 1 1 1 17 17 1 1 17 1 1 17 1 1 1 1 1 2 1 1 2 1 1 1 16 16 16 16 16 16 16 
16 16 16 16 16 16 16 32 32 32 32 32 32 32 32 32 32 32 32 32 1 1 2 1 1 1 1 17 17 1 17 1 1 2 16 16 16 16 16 16 16 16 16 16 16 16 16 16 16 16 
16 16 16 16 16 16 16 16 16 16 16 16 16 16 16 16 16 16 16 16 16 1 1 1 1 1 1 1 1 1 1 1 1 1 16 16 16 16 16 16 16 16 16 16 16 16 16 16 16 16 
16 16 16 16 16 16 16 16 16 16 16 16 16 16 16 16 16 16 16 16 16 16 16 16 16 16 16 16 16 16 16 16 16 16 16 16 16 16 16 16 16 16 16 16 16 16 16 16 16 16 
16 16 16 16 16 16 16 16 16 16 16 16 16 16 16 16 16 16 16 16 16 16 16 16 16 16 16 16 16 16 16 16 16 16 16 16 16 16 16 16 16 16 16 16 16 16 16 16 16 16 
16 16 16 16 16 16 16 16 16 16 16 16 16 16 16 16 16 16 16 16 16 16 16 16 16 16 16 16 16 16 16 16 16 16 16 16 16 16 16 16 16 16 16 16 16 16 16 16 16 16 
16 16 16 16 16 16 16 16 16 16 16 16 16 16 16 16 16 16 16 16 16 16 16 16 16 16 16 16 16 16 16 16 16 16 16 16 16 16 16 16 16 16 16 16 16 16 16 16 16 16 
16 16 16 16 16 16 16 16 16 16 16 16 16 16 16 16 16 16 16 16 16 16 16 16 16 16 16 16 16 16 16 16 16 16 16 16 16 16 16 16 16 16 16 16 16 16 16 16 16 16 
